
Test: 1
MIC: -560.320428013949 34.2400738189035 13.1603599170839
MCC: -560.315162792379 34.2438022755226 13.4190311340174
LSCF: -560.317690250376 34.2390617605321 13.2910948383608

Test: 2
MIC: 3.47169290807723e+212 3.04767177005395e-314 2.2250738585072e-308
MCC: 0 0 0
LSCF: -823.531592774512 419.685526244643 3.93695711224342

Test: 3
MIC: -9.41606871825964 86.9051488111993 179.859907910454
MCC: -12.478621595205 87.6539638997136 180.976888226347
LSCF: -9.25956040923475 86.8302981656837 180.979505440632

Test: 4
MIC: 627.172282932422 326.606226284651 2.47881503465294
MCC: 627.179219882661 326.609335310086 2.51588299945048
LSCF: 627.176645837724 326.616679404131 2.49746312772744

Test: 5
MIC: -803.372656515241 -484.04407068617 3.44430483919811
MCC: -803.449443000527 -483.925319974582 3.58530318462362
LSCF: -803.388357887062 -483.898731465115 3.58293490886401

Test: 6
MIC: -104.540736504507 -202.359920446252 79.7993595717556
MCC: -104.535608888388 -202.364142216434 79.8936172345437
LSCF: -104.534077020083 -202.364491554507 79.8471272879484

Test: 7
MIC: 3.47169290807723e+212 3.04767177005395e-314 2.2250738585072e-308
MCC: 0 0 0
LSCF: -265.298186619942 -378.628561014004 1.0949276470795

Test: 8
MIC: -130.367454080101 144.350866057473 6.43980705272307
MCC: -130.367138352268 144.348074033896 6.44372492414886
LSCF: -130.36701569013 144.349230423138 6.44188340877271

Test: 9
MIC: 96.0911018087932 85.689390080369 20.9058610520544
MCC: 96.0911018087932 85.689390080369 20.9058610520544
LSCF: 96.0911018087931 85.6893900803688 20.9058610520549

Test: 10
MIC: -360.409320784415 271.300841905817 2.69970591453858
MCC: -360.409541642334 271.300454105835 2.70247946397892
LSCF: -360.40969127247 271.30058561664 2.7010684742647

Test: 11
MIC: 0.590514103566996 0.835792851882004 0.861534657012203
MCC: 0.590512193025426 0.835796900149258 0.861538329138064
LSCF: 0.590512691759556 0.835795752539091 0.861536307070421

Test: 12
MIC: -144.758118012244 -451.372325722604 33.492916323015
MCC: -144.785122127679 -451.352648742099 34.1636156660563
LSCF: -144.775126020933 -451.369588920465 33.8175667810951

Test: 13
MIC: -20.7607446110646 -25.6449852600498 111.164842088352
MCC: -20.6331307665282 -25.5591565249218 111.272995194786
LSCF: -20.6533672794181 -25.6649439872792 111.219410466634

Test: 14
MIC: -1.60113769752701 1.21052240179193 1.20832134680806
MCC: 0 0 0
LSCF: -1.57135045023323 1.20054481408659 1.24627320205368

Test: 15
MIC: 3.47169290807723e+212 3.04767177005395e-314 2.2250738585072e-308
MCC: 0 0 0
LSCF: -525.645954682389 377.517024437406 19.0972941826492

Test: 16
MIC: -475.313077041769 -249.546559663283 21.0447373752309
MCC: -475.314719110246 -249.546164681462 21.0467827166119
LSCF: -475.314372949943 -249.546250224979 21.045954530512

Test: 17
MIC: -0.232611339810353 0.787426561521159 0.703139213543939
MCC: -0.224455810466406 0.783140794121362 0.715512614441769
LSCF: -0.230402148570934 0.78632756479661 0.708767695535522

Test: 18
MIC: -0.077037150798438 0.0024070892034583 1.62868978365445
MCC: -0.0761865575035274 0.00365140763075128 1.66320531383309
LSCF: -0.0765982760770303 0.00334737859464724 1.64605281390031

Test: 19
MIC: 167.350883595915 -600.37623453312 22.86451615503
MCC: 167.360044827547 -600.367444196304 22.8872259678653
LSCF: 167.3568091268 -600.366559633936 22.8759949832794

Test: 20
MIC: 3.55121473320364 14.7117179302009 10.6016804462708
MCC: 3.30779343303551 14.6387819156829 10.8157885829881
LSCF: 3.65763647843111 14.6507196934996 10.7994500135953

Test: 21
MIC: 527.610077061007 -796.063782487196 37.7209359670563
MCC: 0 0 0
LSCF: 446.741166594682 -702.596951265052 162.139293095533

Test: 22
MIC: -600.497065404499 -428.752166843133 169.503000083244
MCC: -600.509361308289 -428.71343334754 169.462372180134
LSCF: -600.509362258103 -428.713435192759 169.462366361039

Test: 23
MIC: -132.378861911128 303.732114545997 57.9972154806298
MCC: -132.372739233378 303.74660683562 58.022195185337
LSCF: -132.373370963985 303.736797898328 58.0088758875031

Test: 24
MIC: 3.47169290807723e+212 3.04767177005395e-314 2.2250738585072e-308
MCC: 0 0 0
LSCF: 231.415934255085 528.404550729053 77.8187989429439

Test: 25
MIC: -8.71980392274519 3.1821143002781 6.24538314856257
MCC: -8.72297724611791 3.191977900707 6.29111547384653
LSCF: -8.72152957335001 3.19570019790751 6.26945343530418

Test: 26
MIC: 4.4358838510975 7.16563545543365 4.67909199149495
MCC: 0 0 0
LSCF: 1.6710884974936 -5.85511988130691 17.9923974529994

Test: 27
MIC: -101.570770626496 -52.865348616123 146.473656434262
MCC: -101.595044710819 -52.8367933675752 146.591390720283
LSCF: -101.590709457724 -52.8648059216295 146.530787289228

Test: 28
MIC: -12.8733945641594 11.592887791231 46.3691086716893
MCC: -11.7555137642133 10.5986405258973 46.9877529469588
LSCF: -12.7628805322738 11.7795405379662 46.9270944541515

Test: 29
MIC: -924.090290711518 354.052499964544 1.98343480184009
MCC: -924.090068564744 354.052492107804 1.98567964541617
LSCF: -924.090136600068 354.052650851023 1.984632512339

Test: 30
MIC: -18.4616239370606 23.4140611746173 28.5455582644346
MCC: -18.0278919864 23.1246727856614 29.1384398233695
LSCF: -18.4636023066788 23.4490887938537 28.8722596231811
