
Test: 1
MIC: -560.32 34.2401 13.1604
MCC: -560.315 34.2438 13.419
LSCF: -560.318 34.2391 13.2911

Test: 2
MIC: 5.21502e-310 3.04736e-314 2.22507e-308
MCC: 0 0 0
LSCF: -823.532 419.686 3.93696

Test: 3
MIC: -9.41607 86.9051 179.86
MCC: -12.4786 87.654 180.977
LSCF: -9.25956 86.8303 180.98

Test: 4
MIC: 627.172 326.606 2.47882
MCC: 627.179 326.609 2.51588
LSCF: 627.177 326.617 2.49746

Test: 5
MIC: -803.373 -484.044 3.4443
MCC: -803.449 -483.925 3.5853
LSCF: -803.388 -483.899 3.58293

Test: 6
MIC: -104.541 -202.36 79.7994
MCC: -104.536 -202.364 79.8936
LSCF: -104.534 -202.364 79.8471

Test: 7
MIC: 2.71778e-314 3.04736e-314 2.22507e-308
MCC: 0 0 0
LSCF: -265.298 -378.629 1.09493

Test: 8
MIC: -130.367 144.351 6.43981
MCC: -130.367 144.348 6.44372
LSCF: -130.367 144.349 6.44188

Test: 9
MIC: 96.0911 85.6894 20.9059
MCC: 96.0911 85.6894 20.9059
LSCF: 96.0911 85.6894 20.9059

Test: 10
MIC: -360.409 271.301 2.69971
MCC: -360.41 271.3 2.70248
LSCF: -360.41 271.301 2.70107

Test: 11
MIC: 0.590514 0.835793 0.861535
MCC: 0.590512 0.835797 0.861538
LSCF: 0.590513 0.835796 0.861536

Test: 12
MIC: -144.758 -451.372 33.4929
MCC: -144.785 -451.353 34.1636
LSCF: -144.775 -451.37 33.8176

Test: 13
MIC: -20.7607 -25.645 111.165
MCC: -20.6331 -25.5592 111.273
LSCF: -20.6534 -25.6649 111.219

Test: 14
MIC: -1.60114 1.21052 1.20832
MCC: 0 0 0
LSCF: -1.57135 1.20054 1.24627

Test: 15
MIC: 5.21502e-310 3.04736e-314 2.22507e-308
MCC: 0 0 0
LSCF: -525.646 377.517 19.0973

Test: 16
MIC: -475.313 -249.547 21.0447
MCC: -475.315 -249.546 21.0468
LSCF: -475.314 -249.546 21.046

Test: 17
MIC: -0.232611 0.787427 0.703139
MCC: -0.224456 0.783141 0.715513
LSCF: -0.230402 0.786328 0.708768

Test: 18
MIC: -0.0770372 0.00240709 1.62869
MCC: -0.0761866 0.00365141 1.66321
LSCF: -0.0765983 0.00334738 1.64605

Test: 19
MIC: 167.351 -600.376 22.8645
MCC: 167.36 -600.367 22.8872
LSCF: 167.357 -600.367 22.876

Test: 20
MIC: 3.55121 14.7117 10.6017
MCC: 3.30779 14.6388 10.8158
LSCF: 3.65764 14.6507 10.7995

Test: 21
MIC: 527.61 -796.064 37.7209
MCC: 0 0 0
LSCF: 446.741 -702.597 162.139

Test: 22
MIC: -600.497 -428.752 169.503
MCC: -600.509 -428.713 169.462
LSCF: -600.509 -428.713 169.462

Test: 23
MIC: -132.379 303.732 57.9972
MCC: -132.373 303.747 58.0222
LSCF: -132.373 303.737 58.0089

Test: 24
MIC: 5.21502e-310 3.04736e-314 2.22507e-308
MCC: 0 0 0
LSCF: 231.416 528.405 77.8188

Test: 25
MIC: -8.7198 3.18211 6.24538
MCC: -8.72298 3.19198 6.29112
LSCF: -8.72153 3.1957 6.26945

Test: 26
MIC: 4.43588 7.16564 4.67909
MCC: 0 0 0
LSCF: 1.67109 -5.85512 17.9924

Test: 27
MIC: -101.571 -52.8653 146.474
MCC: -101.595 -52.8368 146.591
LSCF: -101.591 -52.8648 146.531

Test: 28
MIC: -12.8734 11.5929 46.3691
MCC: -11.7555 10.5986 46.9878
LSCF: -12.7629 11.7795 46.9271

Test: 29
MIC: -924.09 354.052 1.98343
MCC: -924.09 354.052 1.98568
LSCF: -924.09 354.053 1.98463

Test: 30
MIC: -18.4616 23.4141 28.5456
MCC: -18.0279 23.1247 29.1384
LSCF: -18.4636 23.4491 28.8723
